16
1 1 2 3 4 5 6 7 8 9 10 11 12 13 14 15 16 -1
2 1 2 3 4 5 6 7 8 9 10 11 12 13 14 15 16 -1
3 1 2 3 4 5 6 7 8 9 10 11 12 13 14 15 16 -1
4 1 2 3 4 5 6 7 8 9 10 11 12 13 14 15 16 -1
5 1 2 3 4 5 6 7 8 9 10 11 12 13 14 15 16 -1
6 1 2 3 4 5 6 7 8 9 10 11 12 13 14 15 16 -1
7 1 2 3 4 5 6 7 8 9 10 11 12 13 14 15 16 -1
8 1 2 3 4 5 6 7 8 9 10 11 12 13 14 15 16 -1
9 1 2 3 4 5 6 7 8 9 10 11 12 13 14 15 16 -1
10 1 2 3 4 5 6 7 8 9 10 11 12 13 14 15 16 -1
11 1 2 3 4 5 6 7 8 9 10 11 12 13 14 15 16 -1
12 1 2 3 4 5 6 7 8 9 10 11 12 13 14 15 16 -1
13 1 2 3 4 5 6 7 8 9 10 11 12 13 14 15 16 -1
14 1 2 3 4 5 6 7 8 9 10 11 12 13 14 15 16 -1
15 1 2 3 4 5 6 7 8 9 10 11 12 13 14 15 16 -1
16 1 2 3 4 5 6 7 8 9 10 11 12 13 14 15 16 -1
-1
11
0 1 2 3 4 5 6 7 8 9 10 11 12 13 14 15 16 -1
2 34 1 2 3 4 -1
2 34 5 6 7 8 -1
2 34 9 10 11 12 -1
2 34 13 14 15 16 -1
2 34 1 5 9 13 -1
2 34 2 6 10 14 -1
2 34 3 7 11 15 -1
2 34 4 8 12 16 -1
2 34 1 6 11 16 -1
2 34 4 7 10 13 -1
-1